 12            1             750           500           10000         10000 
 600           500           400 
 1             0             1             40 
 2             1             2             40 
 3             1             3             40 
 4             0             1             40 
 5             0             3             40 
 6             1             2             40 
 7             1             1             40 
 8             0             3             40 
 9             1             3             40 
