 14            3             1300          600           25000         5000 
 1100          70            0 
 1             1             1             30 
 2             1             2             40 
 4             1             2             35 
 3             0             3             25 
 5             1             1             25 
 6             1             3             40 
 7             0             2             40 
 26            1             3             35 
 18            1             2             40 
