13 2 4 4 5 
1500. 1100. 1470. 4070. 2700. 1900. 3070. 7670. 
40. 0. 80. 120. 40. 0. 160. 200. 
0. 0. 0. 0. 0. 400. 0. 400. 
5146. 3837. 4358. 13341. 8872. 6476. 10444. 25792. 
1530. 2215. 2580. 6325. 4080. 5316. 5805. 15201. 
2800. 2000. 3940. 8740. 5200. 3600. 7940. 16740. 
98. 26. 251. 376. 155. 70. 448. 674. 
281. 452. 951. 1683. 428. 689. 1504. 2621. 
0. 0. 0. 0. 0. 0. 0. 0. 
11395. 9630. 13630. 34655. 21475. 18452. 29371. 69298. 
41865. 86558. 
850. 550. 1800. 600. 400. 309. 1200. 1500. 7209. 
1600. 1050. 2800. 3300. 400. 309. 4800. 3000. 17259. 
3 1 60 60. 3919. 588. 
1 2 40 40. 1461. 219. 
2 3 20 20. 636. 95. 
4 3 24 20. 470. 70. 
5 3 33 21.2 241. 36. 
6 2 60 38.5 931. 140. 
26 1 40 40. 1004. 151. 
13 1 40 38. 329. 49. 
7 3 60 38.5 707. 106. 
0. 22000. 11684. 10316. 
0. 0. 
4. 10000. 
5. 15000. 
0. 0. 
0. 0. 
0. 0. 
0. 0. 
1139. 600. 3695. 3919. 1963. 
1472. 1334. 0. 2806. 
492. 500. 2161. 1461. 292. 
1032. 931. 0. 1963. 
1517. 400. 1090. 1106. 1933. 
1317. 948. 0. 2265. 
8127. 0. 8127. 
6720. 0. 6720. 
5147. 0. 5147. 
24540. 58.62 -5.39 0. 
53449. 61.75 -4.87 0. 
