14 2 4 4 5 
2300. 1700. 0. 4000. 3500. 2500. 1600. 7600. 
80. 120. 0. 200. 80. 120. 80. 280. 
0. 0. 0. 0. 0. 400. 0. 400. 
8705. 2996. 0. 11700. 12431. 5635. 6086. 24151. 
1530. 2215. 0. 3745. 4080. 5316. 3225. 12621. 
4400. 3600. 0. 8000. 6800. 5200. 4000. 16000. 
167. 20. 249. 437. 224. 64. 446. 735. 
400. 605. 553. 1558. 547. 842. 1106. 2496. 
0. 0. 0. 0. 0. 0. 0. 0. 
17582. 11256. 802. 29640. 27662. 20078. 16543. 64283. 
36842. 81535. 
750. 600. 1800. 600. 400. 353. 1200. 1500. 7203. 
1500. 1100. 2800. 3300. 400. 353. 4800. 3000. 17253. 
3 1 40 40. 2550. 455. 
5 2 40 40. 1113. 199. 
2 1 40 38. 1770. 316. 
7 1 40 40. 2150. 384. 
4 1 50 48. 1101. 196. 
6 2 50 34.2 807. 144. 
1 1 50 50. 1426. 254. 
26 2 50 32.1 590. 105. 
18 2 20 11.6 200. 36. 
0. 22000. 10247. 11753. 
0. 0. 
4. 10000. 
5. 10000. 
0. 0. 
0. 0. 
0. 0. 
0. 0. 
1139. 600. 4860. 6469. 3348. 
1472. 2527. 0. 3999. 
492. 500. 1883. 1113. 223. 
1032. 1598. 0. 2630. 
1517. 400. 0. 0. 1917. 
1317. 0. 0. 1317. 
8127. 0. 8127. 
6720. 0. 6720. 
5147. 0. 5147. 
20214. 54.86 -4.03 0. 
49123. 60.25 -4.21 0. 
