12 2 4 4 5 
2200. 2200. 0. 4400. 3400. 3000. 1600. 8000. 
80. 120. 0. 200. 80. 120. 80. 280. 
0. 0. 0. 0. 0. 400. 0. 400. 
5192. 11939. 0. 17132. 8918. 14578. 6086. 29583. 
1530. 2215. 0. 3745. 4080. 5316. 3225. 12621. 
4000. 4000. 0. 8000. 6400. 5600. 4000. 16000. 
41. 277. 249. 567. 98. 321. 446. 865. 
362. 769. 553. 1684. 509. 1006. 1106. 2622. 
0. 0. 0. 0. 0. 0. 0. 0. 
13405. 21521. 802. 35728. 23485. 30343. 16543. 70371. 
44938. 89631. 
1000. 500. 1600. 600. 600. 210. 3200. 1500. 9210. 
1750. 1000. 2600. 3300. 600. 210. 6800. 3000. 19260. 
1 1 50 50. 2253. 267. 
2 2 50 50. 2044. 242. 
3 2 50 47. 2630. 312. 
4 1 50 50. 1812. 215. 
26 1 50 43.1 1112. 132. 
6 2 50 44.9 1116. 132. 
7 2 50 42.2 1194. 142. 
18 1 50 43.1 1040. 123. 
0 3 0 0. 0. 0. 
0. 22000. 15004. 6996. 
3. 10000. 
4. 10000. 
5. 30000. 
0. 0. 
3. 500. 
3. 600. 
0. 0. 
1139. 600. 4991. 4065. 813. 
1472. 2152. 0. 3624. 
492. 500. 2584. 4674. 3082. 
1032. 2310. 0. 3342. 
1517. 400. 0. 0. 1917. 
1317. 0. 0. 1317. 
8127. 0. 8127. 
6720. 0. 6720. 
5147. 0. 5147. 
24395. 54.29 -4.6 0. 
53304. 59.47 -4.52 0. 
